nnIBS (AUChsp):
grayscale_6_airbnb: 0.6174735159511247
grayscale_16_housebeautiful: 0.7114105099022635
grayscale_32_opensource: 0.6659277050947146

------------------------------------------------

IVSN (AUChsp):
grayscale_6_airbnb: 0.5222620113861896
grayscale_16_housebeautiful: 0.5298535336192255
grayscale_32_opensource: 0.5750052160265496
